Los puntos dibujados son:
(320, 289) (321, 289) (322, 289) (323, 289) (324, 289) 
(325, 289) (326, 289) (327, 289) (328, 289) (329, 289) 
(330, 289) (331, 289) (332, 289) (333, 289) (334, 288) 
(335, 288) (336, 288) (337, 288) (338, 288) (339, 288) 
(340, 288) (341, 288) (342, 288) (343, 288) (344, 287) 
(345, 287) (346, 287) (347, 287) (348, 287) (349, 287) 
(350, 287) (351, 286) (352, 286) (353, 286) (354, 286) 
(355, 286) (356, 285) (357, 285) (358, 285) (359, 285) 
(360, 285) (361, 284) (362, 284) (363, 284) (364, 284) 
(365, 283) (366, 283) (367, 283) (368, 283) (369, 282) 
(370, 282) (371, 282) (372, 281) (373, 281) (374, 281) 
(375, 280) (376, 280) (377, 280) (378, 279) (379, 279) 
(380, 279) (381, 278) (382, 278) (383, 277) (384, 277) 
(385, 277) (386, 276) (387, 276) (388, 275) (389, 275) 
(390, 274) (391, 274) (392, 273) (393, 273) (394, 272) 
(395, 271) (396, 271) (397, 270) (398, 270) (399, 269) 
(400, 268) (401, 268) (402, 267) (403, 266) (404, 265) 
(405, 265) (406, 264) (407, 263) (408, 262) (409, 261) 
(410, 260) (411, 259) (411, 258) (412, 257) (413, 256) 
(414, 255) (414, 254) (415, 253) (416, 252) (416, 251) 
(417, 250) (417, 249) (417, 248) (418, 247) (418, 246) 
(418, 245) (418, 244) (419, 243) (419, 242) (419, 241) 
(419, 240) (419, 239) 